124.003 104 105
124.004 007 008 106 107
124.01 020 021 022 023 (11 88 -)
124.01 020 021 022 023 (11 88 -)
124.020 021 023 (- 10 88)
124.020 021 023 (- 10 88)
124.026 028 (11 88 -)
124.026 028 (11 88 -)
124.026 03 05 128 13 (- 10 88)
124.026 03 05 128 13 (- 10 88)
124.027 029 wb 3600mm
124.03 05 128 13 (11 88 -)
124.03 05 128 13 (11 88 -)
124.034
124.034
124.036
124.04 120 125 126 (11 88 -)
124.04 120 125 126 (11 88 -)
124.043 120 125 (- 10 88)
124.043 120 125 (- 10 88)
124.06 Cabriolet
124.06 Cabriolet
124.079 08 180 185
124.09 188 19
124.127 wb 3600mm
124.226 230 330 333 4-MATIC
124.226 230 330 333 4-MATIC
124.290 393 4-MATIC
AMG 300 E   CE   TE 3.4
124.01 020 021 022 023
124.01 020 021 022 023
124.026 028 030 031 032
124.026 028 030 031 032
124.034
124.034
124.041 042 043 120 125 126
124.041 042 043 120 125 126
124.05 128 13
124.05 128 13
124.06 Cabriolet
124.06 Cabriolet
124.07 08 180 185 186
124.09 188 19
124.01 020 021 022 023
124.01 020 021 022 023
124.026 028 030 031 032
124.026 028 030 031 032
124.04 120 125 126
124.04 120 125 126
124.05 128 13
124.05 128 13
124.07 08 180 185 186
124.09 188 19
124.226 230 330 333
124.226 230 330 333
124.290 393
124.01 020 021 022
124.023 120 125
124.026 028 030 031 032 128 13
